5   2   6   !5 occupied, zmin = 2, zmat = 6
! AA pairs
1	0.000000	0.000000	0.000000	0.000000	0.000000
2	-0.000217	-0.000464	-0.000518	-0.000531	-0.000536
3	-0.000460	-0.000992	-0.001085	-0.001105	-0.001112
4	-0.000580	-0.001272	-0.001394	-0.001420	-0.001428
5	-0.000580	-0.001272	-0.001394	-0.001420	-0.001428
6	-0.000217	-0.000464	-0.000518	-0.000531	-0.000536
7	0.000000	0.000000	0.000000	0.000000	0.000000
8	-0.001913	-0.002458	-0.002547	-0.002568	-0.002575
9	-0.001875	-0.002627	-0.002757	-0.002787	-0.002796
10	-0.001875	-0.002627	-0.002757	-0.002787	-0.002796
11	-0.000460	-0.000992	-0.001085	-0.001105	-0.001112
12	-0.001913	-0.002458	-0.002547	-0.002568	-0.002575
13	0.000000	0.000000	0.000000	0.000000	0.000000
14	-0.007091	-0.008127	-0.008296	-0.008335	-0.008347
15	-0.007091	-0.008127	-0.008296	-0.008335	-0.008347
16	-0.000580	-0.001272	-0.001394	-0.001420	-0.001428
17	-0.001875	-0.002627	-0.002757	-0.002787	-0.002796
18	-0.007091	-0.008127	-0.008296	-0.008335	-0.008347
19	0.000000	0.000000	0.000000	0.000000	0.000000
20	-0.007052	-0.008330	-0.008537	-0.008585	-0.008600
21	-0.000580	-0.001272	-0.001394	-0.001420	-0.001428
22	-0.001875	-0.002627	-0.002757	-0.002787	-0.002796
23	-0.007091	-0.008127	-0.008296	-0.008335	-0.008347
24	-0.007052	-0.008330	-0.008537	-0.008585	-0.008600
25	0.000000	0.000000	0.000000	0.000000	0.000000
! AB pairs
1	-0.030108	-0.036276	-0.039472	-0.040561	-0.040959
2	-0.001312	-0.001801	-0.002005	-0.002066	-0.002092
3	-0.000410	-0.001290	-0.001511	-0.001571	-0.001601
4	-0.000427	-0.001564	-0.001845	-0.001921	-0.001959
5	-0.000427	-0.001564	-0.001845	-0.001921	-0.001959
6	-0.001312	-0.001801	-0.002005	-0.002066	-0.002092
7	-0.009848	-0.011976	-0.012870	-0.013195	-0.013340
8	-0.007680	-0.010664	-0.011581	-0.011902	-0.012035
9	-0.006778	-0.010281	-0.011290	-0.011661	-0.011820
10	-0.006778	-0.010281	-0.011290	-0.011661	-0.011820
11	-0.000410	-0.001290	-0.001511	-0.001571	-0.001601
12	-0.007680	-0.010664	-0.011581	-0.011902	-0.012035
13	-0.024905	-0.028056	-0.029273	-0.029684	-0.029854
14	-0.009547	-0.011388	-0.012074	-0.012303	-0.012398
15	-0.009547	-0.011388	-0.012074	-0.012303	-0.012398
16	-0.000427	-0.001564	-0.001845	-0.001921	-0.001959
17	-0.006778	-0.010281	-0.011290	-0.011661	-0.011820
18	-0.009547	-0.011388	-0.012074	-0.012303	-0.012398
19	-0.019953	-0.024097	-0.025631	-0.026179	-0.026418
20	-0.009900	-0.011927	-0.012715	-0.012982	-0.013094
21	-0.000427	-0.001564	-0.001845	-0.001921	-0.001959
22	-0.006778	-0.010281	-0.011290	-0.011661	-0.011820
23	-0.009547	-0.011388	-0.012074	-0.012303	-0.012398
24	-0.009900	-0.011927	-0.012715	-0.012982	-0.013094
25	-0.019953	-0.024097	-0.025631	-0.026179	-0.026418
