 npair,zmin,zmax          25           2           6
 AA pairs
 pair                   2                   3                   4                   5                   6
 --------------------------------------------------
    1         0.0000000000         0.0000000000         0.0000000000         0.0000000000         0.0000000000
    2        -0.0002170000        -0.0004640000        -0.0005180000        -0.0005310000        -0.0005360000
    3        -0.0004600000        -0.0009920000        -0.0010850000        -0.0011050000        -0.0011120000
    4        -0.0005800000        -0.0012720000        -0.0013940000        -0.0014200000        -0.0014280000
    5        -0.0005800000        -0.0012720000        -0.0013940000        -0.0014200000        -0.0014280000
    6        -0.0002170000        -0.0004640000        -0.0005180000        -0.0005310000        -0.0005360000
    7         0.0000000000         0.0000000000         0.0000000000         0.0000000000         0.0000000000
    8        -0.0019130000        -0.0024580000        -0.0025470000        -0.0025680000        -0.0025750000
    9        -0.0018750000        -0.0026270000        -0.0027570000        -0.0027870000        -0.0027960000
   10        -0.0018750000        -0.0026270000        -0.0027570000        -0.0027870000        -0.0027960000
   11        -0.0004600000        -0.0009920000        -0.0010850000        -0.0011050000        -0.0011120000
   12        -0.0019130000        -0.0024580000        -0.0025470000        -0.0025680000        -0.0025750000
   13         0.0000000000         0.0000000000         0.0000000000         0.0000000000         0.0000000000
   14        -0.0070910000        -0.0081270000        -0.0082960000        -0.0083350000        -0.0083470000
   15        -0.0070910000        -0.0081270000        -0.0082960000        -0.0083350000        -0.0083470000
   16        -0.0005800000        -0.0012720000        -0.0013940000        -0.0014200000        -0.0014280000
   17        -0.0018750000        -0.0026270000        -0.0027570000        -0.0027870000        -0.0027960000
   18        -0.0070910000        -0.0081270000        -0.0082960000        -0.0083350000        -0.0083470000
   19         0.0000000000         0.0000000000         0.0000000000         0.0000000000         0.0000000000
   20        -0.0070520000        -0.0083300000        -0.0085370000        -0.0085850000        -0.0086000000
   21        -0.0005800000        -0.0012720000        -0.0013940000        -0.0014200000        -0.0014280000
   22        -0.0018750000        -0.0026270000        -0.0027570000        -0.0027870000        -0.0027960000
   23        -0.0070910000        -0.0081270000        -0.0082960000        -0.0083350000        -0.0083470000
   24        -0.0070520000        -0.0083300000        -0.0085370000        -0.0085850000        -0.0086000000
   25         0.0000000000         0.0000000000         0.0000000000         0.0000000000         0.0000000000
 AB pairs
 pair                   2                   3                   4                   5                   6
 --------------------------------------------------
    1        -0.0301080000        -0.0362760000        -0.0394720000        -0.0405610000        -0.0409590000
    2        -0.0013120000        -0.0018010000        -0.0020050000        -0.0020660000        -0.0020920000
    3        -0.0004100000        -0.0012900000        -0.0015110000        -0.0015710000        -0.0016010000
    4        -0.0004270000        -0.0015640000        -0.0018450000        -0.0019210000        -0.0019590000
    5        -0.0004270000        -0.0015640000        -0.0018450000        -0.0019210000        -0.0019590000
    6        -0.0013120000        -0.0018010000        -0.0020050000        -0.0020660000        -0.0020920000
    7        -0.0098480000        -0.0119760000        -0.0128700000        -0.0131950000        -0.0133400000
    8        -0.0076800000        -0.0106640000        -0.0115810000        -0.0119020000        -0.0120350000
    9        -0.0067780000        -0.0102810000        -0.0112900000        -0.0116610000        -0.0118200000
   10        -0.0067780000        -0.0102810000        -0.0112900000        -0.0116610000        -0.0118200000
   11        -0.0004100000        -0.0012900000        -0.0015110000        -0.0015710000        -0.0016010000
   12        -0.0076800000        -0.0106640000        -0.0115810000        -0.0119020000        -0.0120350000
   13        -0.0249050000        -0.0280560000        -0.0292730000        -0.0296840000        -0.0298540000
   14        -0.0095470000        -0.0113880000        -0.0120740000        -0.0123030000        -0.0123980000
   15        -0.0095470000        -0.0113880000        -0.0120740000        -0.0123030000        -0.0123980000
   16        -0.0004270000        -0.0015640000        -0.0018450000        -0.0019210000        -0.0019590000
   17        -0.0067780000        -0.0102810000        -0.0112900000        -0.0116610000        -0.0118200000
   18        -0.0095470000        -0.0113880000        -0.0120740000        -0.0123030000        -0.0123980000
   19        -0.0199530000        -0.0240970000        -0.0256310000        -0.0261790000        -0.0264180000
   20        -0.0099000000        -0.0119270000        -0.0127150000        -0.0129820000        -0.0130940000
   21        -0.0004270000        -0.0015640000        -0.0018450000        -0.0019210000        -0.0019590000
   22        -0.0067780000        -0.0102810000        -0.0112900000        -0.0116610000        -0.0118200000
   23        -0.0095470000        -0.0113880000        -0.0120740000        -0.0123030000        -0.0123980000
   24        -0.0099000000        -0.0119270000        -0.0127150000        -0.0129820000        -0.0130940000
   25        -0.0199530000        -0.0240970000        -0.0256310000        -0.0261790000        -0.0264180000


 enter initial guess for AA exponent
 enter 2 zeta to use
 pair               Einf                        factor                      exponent
 --------------------------------------------------------------------------------------------------
    1    0.0000000000 ( 0.000000)   -0.0000000000 ( 0.000000)    5.0000000000 ( 0.000000)
    2   -0.0005393595 ( 0.000000)    0.0261234143 ( 0.000000)    5.0000000000 ( 0.000000)
    3   -0.0011167033 ( 0.000000)    0.0365727800 ( 0.000000)    5.0000000000 ( 0.000000)
    4   -0.0014333752 ( 0.000000)    0.0417974629 ( 0.000000)    5.0000000000 ( 0.000000)
    5   -0.0014333752 ( 0.000000)    0.0417974629 ( 0.000000)    5.0000000000 ( 0.000000)
    6   -0.0005393595 ( 0.000000)    0.0261234143 ( 0.000000)    5.0000000000 ( 0.000000)
    7    0.0000000000 ( 0.000000)   -0.0000000000 ( 0.000000)    5.0000000000 ( 0.000000)
    8   -0.0025797033 ( 0.000000)    0.0365727800 ( 0.000000)    5.0000000000 ( 0.000000)
    9   -0.0028020471 ( 0.000000)    0.0470221458 ( 0.000000)    5.0000000000 ( 0.000000)
   10   -0.0028020471 ( 0.000000)    0.0470221458 ( 0.000000)    5.0000000000 ( 0.000000)
   11   -0.0011167033 ( 0.000000)    0.0365727800 ( 0.000000)    5.0000000000 ( 0.000000)
   12   -0.0025797033 ( 0.000000)    0.0365727800 ( 0.000000)    5.0000000000 ( 0.000000)
   13    0.0000000000 ( 0.000000)   -0.0000000000 ( 0.000000)    5.0000000000 ( 0.000000)
   14   -0.0083550628 ( 0.000000)    0.0626961944 ( 0.000000)    5.0000000000 ( 0.000000)
   15   -0.0083550628 ( 0.000000)    0.0626961944 ( 0.000000)    5.0000000000 ( 0.000000)
   16   -0.0014333752 ( 0.000000)    0.0417974629 ( 0.000000)    5.0000000000 ( 0.000000)
   17   -0.0028020471 ( 0.000000)    0.0470221458 ( 0.000000)    5.0000000000 ( 0.000000)
   18   -0.0083550628 ( 0.000000)    0.0626961944 ( 0.000000)    5.0000000000 ( 0.000000)
   19    0.0000000000 ( 0.000000)   -0.0000000000 ( 0.000000)    5.0000000000 ( 0.000000)
   20   -0.0086100785 ( 0.000000)    0.0783702430 ( 0.000000)    5.0000000000 ( 0.000000)
   21   -0.0014333752 ( 0.000000)    0.0417974629 ( 0.000000)    5.0000000000 ( 0.000000)
   22   -0.0028020471 ( 0.000000)    0.0470221458 ( 0.000000)    5.0000000000 ( 0.000000)
   23   -0.0083550628 ( 0.000000)    0.0626961944 ( 0.000000)    5.0000000000 ( 0.000000)
   24   -0.0086100785 ( 0.000000)    0.0783702430 ( 0.000000)    5.0000000000 ( 0.000000)
   25    0.0000000000 ( 0.000000)   -0.0000000000 ( 0.000000)    5.0000000000 ( 0.000000)
 --------------------------------------------------------------------------------------------------
                  Einf               factor               exponent
 avg           -0.0038026815         0.0480670823         5.0000000000
 rmsd           0.0031168671         0.0147406443         0.0000000000
 total         -0.0760536293
 enter initial guess for AB exponent
 enter 2 zeta to use
 pair               Einf                        factor                      exponent
 --------------------------------------------------------------------------------------------------
    1   -0.0415057033 ( 0.000000)    0.1180879121 ( 0.000000)    3.0000000000 ( 0.000000)
    2   -0.0021277143 ( 0.000000)    0.0077142857 ( 0.000000)    3.0000000000 ( 0.000000)
    3   -0.0016422088 ( 0.000000)    0.0089010989 ( 0.000000)    3.0000000000 ( 0.000000)
    4   -0.0020111978 ( 0.000000)    0.0112747253 ( 0.000000)    3.0000000000 ( 0.000000)
    5   -0.0020111978 ( 0.000000)    0.0112747253 ( 0.000000)    3.0000000000 ( 0.000000)
    6   -0.0021277143 ( 0.000000)    0.0077142857 ( 0.000000)    3.0000000000 ( 0.000000)
    7   -0.0135391758 ( 0.000000)    0.0430219780 ( 0.000000)    3.0000000000 ( 0.000000)
    8   -0.0122176923 ( 0.000000)    0.0394615385 ( 0.000000)    3.0000000000 ( 0.000000)
    9   -0.0120384066 ( 0.000000)    0.0471758242 ( 0.000000)    3.0000000000 ( 0.000000)
   10   -0.0120384066 ( 0.000000)    0.0471758242 ( 0.000000)    3.0000000000 ( 0.000000)
   11   -0.0016422088 ( 0.000000)    0.0089010989 ( 0.000000)    3.0000000000 ( 0.000000)
   12   -0.0122176923 ( 0.000000)    0.0394615385 ( 0.000000)    3.0000000000 ( 0.000000)
   13   -0.0300875165 ( 0.000000)    0.0504395604 ( 0.000000)    3.0000000000 ( 0.000000)
   14   -0.0125284945 ( 0.000000)    0.0281868132 ( 0.000000)    3.0000000000 ( 0.000000)
   15   -0.0125284945 ( 0.000000)    0.0281868132 ( 0.000000)    3.0000000000 ( 0.000000)
   16   -0.0020111978 ( 0.000000)    0.0112747253 ( 0.000000)    3.0000000000 ( 0.000000)
   17   -0.0120384066 ( 0.000000)    0.0471758242 ( 0.000000)    3.0000000000 ( 0.000000)
   18   -0.0125284945 ( 0.000000)    0.0281868132 ( 0.000000)    3.0000000000 ( 0.000000)
   19   -0.0267462967 ( 0.000000)    0.0709120879 ( 0.000000)    3.0000000000 ( 0.000000)
   20   -0.0132478462 ( 0.000000)    0.0332307692 ( 0.000000)    3.0000000000 ( 0.000000)
   21   -0.0020111978 ( 0.000000)    0.0112747253 ( 0.000000)    3.0000000000 ( 0.000000)
   22   -0.0120384066 ( 0.000000)    0.0471758242 ( 0.000000)    3.0000000000 ( 0.000000)
   23   -0.0125284945 ( 0.000000)    0.0281868132 ( 0.000000)    3.0000000000 ( 0.000000)
   24   -0.0132478462 ( 0.000000)    0.0332307692 ( 0.000000)    3.0000000000 ( 0.000000)
   25   -0.0267462967 ( 0.000000)    0.0709120879 ( 0.000000)    3.0000000000 ( 0.000000)
 --------------------------------------------------------------------------------------------------
                  Einf               factor               exponent
 avg           -0.0121363323         0.0351415385         3.0000000000
 rmsd           0.0098944111         0.0250701582         0.0000000000
 total         -0.3034083077
 Solving for AA block
 Enter zeta to use
 pair               Einf                        factor                      exponent
 --------------------------------------------------------------------------------------------------
    1    0.0000000000 ( 0.000000)   -0.0000000000 ( 0.000000)    5.0000000000 ( 0.000000)
    2   -0.0005412581 ( 0.000000)    0.0037519762 ( 0.000173)    3.6669389872 ( 0.076679)
    3   -0.0011182492 ( 0.000000)    0.0100753882 ( 0.000436)    4.1218704624 ( 0.063983)
    4   -0.0014338227 ( 0.000000)    0.0285131895 ( 0.000001)    4.7419119107 ( 0.000697)
    5   -0.0014338227 ( 0.000000)    0.0285131895 ( 0.000001)    4.7419119107 ( 0.000697)
    6   -0.0005412581 ( 0.000000)    0.0037519762 ( 0.000173)    3.6669389872 ( 0.076679)
    7    0.0000000000 ( 0.000000)   -0.0000000000 ( 0.000000)    5.0000000000 ( 0.000000)
    8   -0.0025807679 ( 0.000000)    0.0142082233 ( 0.000159)    4.3584381787 ( 0.016729)
    9   -0.0028021558 ( 0.000000)    0.0375805735 ( 0.009442)    4.8649640183 ( 0.135036)
   10   -0.0028021558 ( 0.000000)    0.0375805735 ( 0.009442)    4.8649640183 ( 0.135036)
   11   -0.0011182492 ( 0.000000)    0.0100753882 ( 0.000436)    4.1218704624 ( 0.063983)
   12   -0.0025807679 ( 0.000000)    0.0142082233 ( 0.000159)    4.3584381787 ( 0.016729)
   13    0.0000000000 ( 0.000000)   -0.0000000000 ( 0.000000)    5.0000000000 ( 0.000000)
   14   -0.0083557340 ( 0.000000)    0.0427697843 ( 0.000002)    4.7419119107 ( 0.000697)
   15   -0.0083557340 ( 0.000000)    0.0427697843 ( 0.000002)    4.7419119107 ( 0.000697)
   16   -0.0014338227 ( 0.000000)    0.0285131895 ( 0.000001)    4.7419119107 ( 0.000697)
   17   -0.0028021558 ( 0.000000)    0.0375805735 ( 0.009442)    4.8649640183 ( 0.135036)
   18   -0.0083557340 ( 0.000000)    0.0427697843 ( 0.000002)    4.7419119107 ( 0.000697)
   19    0.0000000000 ( 0.000000)   -0.0000000000 ( 0.000000)    5.0000000000 ( 0.000000)
   20   -0.0086111769 ( 0.000000)    0.0479210450 ( 0.000006)    4.6677341840 ( 0.002168)
   21   -0.0014338227 ( 0.000000)    0.0285131895 ( 0.000001)    4.7419119107 ( 0.000697)
   22   -0.0028021558 ( 0.000000)    0.0375805735 ( 0.009442)    4.8649640183 ( 0.135036)
   23   -0.0083557340 ( 0.000000)    0.0427697843 ( 0.000002)    4.7419119107 ( 0.000697)
   24   -0.0086111769 ( 0.000000)    0.0479210450 ( 0.000006)    4.6677341840 ( 0.002168)
   25    0.0000000000 ( 0.000000)   -0.0000000000 ( 0.000000)    5.0000000000 ( 0.000000)
 --------------------------------------------------------------------------------------------------
                  Einf               factor               exponent
 avg           -0.0038034877         0.0293683727         4.6410045993
 rmsd           0.0031167839         0.0144844386         0.3754571987
 total         -0.0760697540
 Solving for AB block
 Enter zeta to use
 pair               Einf                        factor                      exponent
 --------------------------------------------------------------------------------------------------
    1   -0.0413408260 ( 0.000000)    0.4262656118 ( 0.000012)    3.9167383110 ( 0.000018)
    2   -0.0021251521 ( 0.000000)    0.0098111332 ( 0.000000)    3.1757431907 ( 0.000091)
    3   -0.0016555704 ( 0.000000)    0.0040433722 ( 0.000004)    2.4028577406 ( 0.001456)
    4   -0.0020281225 ( 0.000000)    0.0051216048 ( 0.000005)    2.4028577406 ( 0.001456)
    5   -0.0020281225 ( 0.000000)    0.0051216048 ( 0.000005)    2.4028577406 ( 0.001456)
    6   -0.0021251521 ( 0.000000)    0.0098111332 ( 0.000000)    3.1757431907 ( 0.000091)
    7   -0.0135431208 ( 0.000000)    0.0404709292 ( 0.000071)    2.9549381262 ( 0.000216)
    8   -0.0121953782 ( 0.000000)    0.0606344917 ( 0.000006)    3.3124336940 ( 0.000877)
    9   -0.0120249826 ( 0.000000)    0.0578536316 ( 0.000000)    3.1492768490 ( 0.000048)
   10   -0.0120249826 ( 0.000000)    0.0578536316 ( 0.000000)    3.1492768490 ( 0.000048)
   11   -0.0016555704 ( 0.000000)    0.0040433722 ( 0.000004)    2.4028577406 ( 0.001456)
   12   -0.0121953782 ( 0.000000)    0.0606344917 ( 0.000006)    3.3124336940 ( 0.000877)
   13   -0.0300583191 ( 0.000000)    0.0783929194 ( 0.000009)    3.3206500188 ( 0.000971)
   14   -0.0125128336 ( 0.000000)    0.0429498145 ( 0.000004)    3.3064168973 ( 0.000812)
   15   -0.0125128336 ( 0.000000)    0.0429498145 ( 0.000004)    3.3064168973 ( 0.000812)
   16   -0.0020281225 ( 0.000000)    0.0051216048 ( 0.000005)    2.4028577406 ( 0.001456)
   17   -0.0120249826 ( 0.000000)    0.0578536316 ( 0.000000)    3.1492768490 ( 0.000048)
   18   -0.0125128336 ( 0.000000)    0.0429498145 ( 0.000004)    3.3064168973 ( 0.000812)
   19   -0.0267372924 ( 0.000000)    0.0774560318 ( 0.000000)    3.0647854360 ( 0.000000)
   20   -0.0132323518 ( 0.000000)    0.0470117543 ( 0.000002)    3.2528660446 ( 0.000381)
   21   -0.0020281225 ( 0.000000)    0.0051216048 ( 0.000005)    2.4028577406 ( 0.001456)
   22   -0.0120249826 ( 0.000000)    0.0578536316 ( 0.000000)    3.1492768490 ( 0.000048)
   23   -0.0125128336 ( 0.000000)    0.0429498145 ( 0.000004)    3.3064168973 ( 0.000812)
   24   -0.0132323518 ( 0.000000)    0.0470117543 ( 0.000002)    3.2528660446 ( 0.000381)
   25   -0.0267372924 ( 0.000000)    0.0774560318 ( 0.000000)    3.0647854360 ( 0.000000)
 --------------------------------------------------------------------------------------------------
                  Einf               factor               exponent
 avg           -0.0121239004         0.0546697292         3.0417561846
 rmsd           0.0098677682         0.0799088123         0.3949236506
 total         -0.3030975099
