7  2  6   !7 occupied orbitals, 2-zeta min, 6-zeta max

1	0	0	0	0	0
2	-0.00000034	-0.0000006722	-0.000000733	-0.0000007395	-0.0000007404
3	-0.0001901594	-0.0004063675	-0.0004616143	-0.0004758596	-0.0004803535
4	-0.0001980959	-0.0003921398	-0.0004389084	-0.0004504371	-0.0004540156
5	-0.0002912327	-0.0006423204	-0.0007234366	-0.0007426863	-0.0007476568
6	-0.0002688494	-0.000568132	-0.0006403371	-0.0006575002	-0.0006621691
7	-0.0002688494	-0.000568132	-0.0006403371	-0.0006575002	-0.0006621691
8	-0.00000034	-0.0000006722	-0.000000733	-0.0000007395	-0.0000007404
9	0	0	0	0	0
10	-0.0002153149	-0.0004342067	-0.0004894803	-0.0005039387	-0.0005084447
11	-0.0001978438	-0.0003934374	-0.0004403849	-0.0004518739	-0.0004554443
12	-0.0003078306	-0.0006594091	-0.0007407818	-0.0007601613	-0.0007651414
13	-0.0002647512	-0.0005643042	-0.0006367048	-0.0006538961	-0.0006585553
14	-0.0002647512	-0.0005643042	-0.0006367048	-0.0006538961	-0.0006585553
15	-0.0001901594	-0.0004063675	-0.0004616143	-0.0004758596	-0.0004803535
16	-0.0002153149	-0.0004342067	-0.0004894803	-0.0005039387	-0.0005084447
17	0	0	0	0	0
18	-0.0012785524	-0.001625329	-0.0016963448	-0.0017186946	-0.001726303
19	-0.0009887162	-0.0014414838	-0.0015317069	-0.0015561192	-0.0015629227
20	-0.0030214288	-0.0037065527	-0.0038842076	-0.0039324543	-0.0039474764
21	-0.0030214288	-0.0037065527	-0.0038842076	-0.0039324543	-0.0039474764
22	-0.0001980959	-0.0003921398	-0.0004389084	-0.0004504371	-0.0004540156
23	-0.0001978438	-0.0003934374	-0.0004403849	-0.0004518739	-0.0004554443
24	-0.0012785524	-0.001625329	-0.0016963448	-0.0017186946	-0.001726303
25	0	0	0	0	0
26	-0.0010728901	-0.0013209328	-0.0013688788	-0.0013832351	-0.0013889097
27	-0.0038401193	-0.0046119278	-0.0047652784	-0.004809969	-0.0048278275
28	-0.0038401193	-0.0046119278	-0.0047652784	-0.004809969	-0.0048278275
29	-0.0002912327	-0.0006423204	-0.0007234366	-0.0007426863	-0.0007476568
30	-0.0003078306	-0.0006594091	-0.0007407818	-0.0007601613	-0.0007651414
31	-0.0009887162	-0.0014414838	-0.0015317069	-0.0015561192	-0.0015629227
32	-0.0010728901	-0.0013209328	-0.0013688788	-0.0013832351	-0.0013889097
33	0	0	0	0	0
34	-0.0063626664	-0.0072425752	-0.0074043496	-0.0074448553	-0.0074568154
35	-0.0063626664	-0.0072425752	-0.0074043496	-0.0074448553	-0.0074568154
36	-0.0002688494	-0.000568132	-0.0006403371	-0.0006575002	-0.0006621691
37	-0.0002647512	-0.0005643042	-0.0006367048	-0.0006538961	-0.0006585553
38	-0.0030214288	-0.0037065527	-0.0038842076	-0.0039324543	-0.0039474764
39	-0.0038401193	-0.0046119278	-0.0047652784	-0.004809969	-0.0048278275
40	-0.0063626664	-0.0072425752	-0.0074043496	-0.0074448553	-0.0074568154
41	0	0	0	0	0
42	-0.0118914102	-0.0129244097	-0.0131674681	-0.013235137	-0.0132574719
43	-0.0002688494	-0.000568132	-0.0006403371	-0.0006575002	-0.0006621691
44	-0.0002647512	-0.0005643042	-0.0006367048	-0.0006538961	-0.0006585553
45	-0.0030214288	-0.0037065527	-0.0038842076	-0.0039324543	-0.0039474764
46	-0.0038401193	-0.0046119278	-0.0047652784	-0.004809969	-0.0048278275
47	-0.0063626664	-0.0072425752	-0.0074043496	-0.0074448553	-0.0074568154
48	-0.0118914102	-0.0129244097	-0.0131674681	-0.013235137	-0.0132574719
49	0	0	0	0	0

1	-0.0146076934	-0.0179737666	-0.0195191405	-0.0199793636	-0.0201798378
2	-0.014578578	-0.0179683574	-0.0195157806	-0.0199764122	-0.0201770302
3	-0.0007245964	-0.0010998402	-0.0012505863	-0.0013008086	-0.0013211616
4	-0.0006366552	-0.0009837682	-0.0011121534	-0.0011528468	-0.0011690767
5	-0.0002791587	-0.0008448038	-0.0010067166	-0.0010687058	-0.0010926656
6	-0.000194297	-0.0006610362	-0.0007962246	-0.0008479992	-0.000868279
7	-0.000194297	-0.0006610362	-0.0007962246	-0.0008479992	-0.000868279
8	-0.014578578	-0.0179683574	-0.0195157806	-0.0199764122	-0.0201770302
9	-0.0146522083	-0.0180267656	-0.0195756009	-0.0200366046	-0.0202373662
10	-0.0007145831	-0.0010946263	-0.0012445864	-0.0012944786	-0.0013146471
11	-0.0006630934	-0.001005611	-0.0011338614	-0.0011745302	-0.0011907451
12	-0.000294055	-0.0008572524	-0.0010202117	-0.0010820211	-0.0011058883
13	-0.0002031207	-0.0006706797	-0.0008062929	-0.0008579371	-0.0008781508
14	-0.0002031207	-0.0006706797	-0.0008062929	-0.0008579371	-0.0008781508
15	-0.0007245964	-0.0010998402	-0.0012505863	-0.0013008086	-0.0013211616
16	-0.0007145831	-0.0010946263	-0.0012445864	-0.0012944786	-0.0013146471
17	-0.0090857159	-0.0131243637	-0.0148540472	-0.0155973883	-0.0159534646
18	-0.0023760005	-0.0030806186	-0.0033320203	-0.0034307746	-0.0034767915
19	-0.0036940188	-0.0055441703	-0.0062722391	-0.0065659426	-0.0066975276
20	-0.0070008848	-0.0093784232	-0.0103447582	-0.0107707728	-0.0109710584
21	-0.0070008848	-0.0093784232	-0.0103447582	-0.0107707728	-0.0109710584
22	-0.0006366552	-0.0009837682	-0.0011121534	-0.0011528468	-0.0011690767
23	-0.0006630934	-0.001005611	-0.0011338614	-0.0011745302	-0.0011907451
24	-0.0023760005	-0.0030806186	-0.0033320203	-0.0034307746	-0.0034767915
25	-0.0131706579	-0.0158310002	-0.0167305806	-0.0171190999	-0.0173115576
26	-0.0091430583	-0.0121195546	-0.0130409243	-0.0134308588	-0.0136194134
27	-0.0062374707	-0.0081542808	-0.0087374617	-0.0089805629	-0.0090969577
28	-0.0062374707	-0.0081542808	-0.0087374617	-0.0089805629	-0.0090969577
29	-0.0002791587	-0.0008448038	-0.0010067166	-0.0010687058	-0.0010926656
30	-0.000294055	-0.0008572524	-0.0010202117	-0.0010820211	-0.0011058883
31	-0.0036940188	-0.0055441703	-0.0062722391	-0.0065659426	-0.0066975276
32	-0.0091430583	-0.0121195546	-0.0130409243	-0.0134308588	-0.0136194134
33	-0.0125758066	-0.0158055208	-0.0168898374	-0.0173551953	-0.0175744008
34	-0.0070431326	-0.0085204081	-0.0090313356	-0.0092427942	-0.0093370587
35	-0.0070431326	-0.0085204081	-0.0090313356	-0.0092427942	-0.0093370587
36	-0.000194297	-0.0006610362	-0.0007962246	-0.0008479992	-0.000868279
37	-0.0002031207	-0.0006706797	-0.0008062929	-0.0008579371	-0.0008781508
38	-0.0070008848	-0.0093784232	-0.0103447582	-0.0107707728	-0.0109710584
39	-0.0062374707	-0.0081542808	-0.0087374617	-0.0089805629	-0.0090969577
40	-0.0070431326	-0.0085204081	-0.0090313356	-0.0092427942	-0.0093370587
41	-0.0255295422	-0.0287360939	-0.0300561781	-0.0306642156	-0.0309614054
42	-0.0152274971	-0.0168198014	-0.0174701951	-0.0177578776	-0.0178927777
43	-0.000194297	-0.0006610362	-0.0007962246	-0.0008479992	-0.000868279
44	-0.0002031207	-0.0006706797	-0.0008062929	-0.0008579371	-0.0008781508
45	-0.0070008848	-0.0093784232	-0.0103447582	-0.0107707728	-0.0109710584
46	-0.0062374707	-0.0081542808	-0.0087374617	-0.0089805629	-0.0090969577
47	-0.0070431326	-0.0085204081	-0.0090313356	-0.0092427942	-0.0093370587
48	-0.0152274971	-0.0168198014	-0.0174701951	-0.0177578776	-0.0178927777
49	-0.0255295422	-0.0287360939	-0.0300561781	-0.0306642156	-0.0309614054
