5   2   6   !5 occupied, zmin = 2, zmat = 6
! AA pairs
1	0	0	0	0	0
2	-0.0002117286	-0.0004552212	-0.0005090584	-0.0005225969	-0.0005276888
3	-0.0004657809	-0.000984169	-0.0010746604	-0.0010944531	-0.0011011753
4	-0.0005905717	-0.0012697284	-0.0013895398	-0.0014154646	-0.0014241349
5	-0.0005905717	-0.0012697284	-0.0013895398	-0.0014154646	-0.0014241349
6	-0.0002117286	-0.0004552212	-0.0005090584	-0.0005225969	-0.0005276888
7	0	0	0	0	0
8	-0.0022493103	-0.0028011664	-0.002897383	-0.0029223574	-0.0029299646
9	-0.0021940325	-0.0029433224	-0.0030811974	-0.0031149551	-0.0031255425
10	-0.0021940325	-0.0029433224	-0.0030811974	-0.0031149551	-0.0031255425
11	-0.0004657809	-0.000984169	-0.0010746604	-0.0010944531	-0.0011011753
12	-0.0022493103	-0.0028011664	-0.002897383	-0.0029223574	-0.0029299646
13	0	0	0	0	0
14	-0.0079443648	-0.0091378946	-0.0093341843	-0.0093836107	-0.0093997013
15	-0.0079443648	-0.0091378946	-0.0093341843	-0.0093836107	-0.0093997013
16	-0.0005905717	-0.0012697284	-0.0013895398	-0.0014154646	-0.0014241349
17	-0.0021940325	-0.0029433224	-0.0030811974	-0.0031149551	-0.0031255425
18	-0.0079443648	-0.0091378946	-0.0093341843	-0.0093836107	-0.0093997013
19	0	0	0	0	0
20	-0.0078133461	-0.0092529433	-0.0094854645	-0.0095440929	-0.0095641852
21	-0.0005905717	-0.0012697284	-0.0013895398	-0.0014154646	-0.0014241349
22	-0.0021940325	-0.0029433224	-0.0030811974	-0.0031149551	-0.0031255425
23	-0.0079443648	-0.0091378946	-0.0093341843	-0.0093836107	-0.0093997013
24	-0.0078133461	-0.0092529433	-0.0094854645	-0.0095440929	-0.0095641852
25	0	0	0	0	0
! AB pairs
1	-0.0287726505	-0.0350754855	-0.0384088023	-0.0395857719	-0.0400252015
2	-0.001263834	-0.0017428694	-0.0019473111	-0.0020108715	-0.0020389152
3	-0.0004081077	-0.0012469048	-0.0014635809	-0.001524295	-0.0015563107
4	-0.0004302581	-0.0015198814	-0.001798279	-0.0018754159	-0.0019164809
5	-0.0004302581	-0.0015198814	-0.001798279	-0.0018754159	-0.0019164809
6	-0.001263834	-0.0017428694	-0.0019473111	-0.0020108715	-0.0020389152
7	-0.0090648589	-0.0111978234	-0.012137871	-0.0125445905	-0.0127416481
8	-0.0067724603	-0.0096796348	-0.0106788673	-0.0110837553	-0.0112669404
9	-0.0061068687	-0.0094608744	-0.0105432339	-0.011001725	-0.0112175835
10	-0.0061068687	-0.0094608744	-0.0105432339	-0.011001725	-0.0112175835
11	-0.0004081077	-0.0012469048	-0.0014635809	-0.001524295	-0.0015563107
12	-0.0067724603	-0.0096796348	-0.0106788673	-0.0110837553	-0.0112669404
13	-0.0227245307	-0.0264845632	-0.0279690357	-0.0285663182	-0.0288413755
14	-0.0096001047	-0.011618036	-0.0123702362	-0.0126632301	-0.0127985509
15	-0.0096001048	-0.011618036	-0.0123702362	-0.0126632301	-0.0127985509
16	-0.0004302581	-0.0015198814	-0.001798279	-0.0018754159	-0.0019164809
17	-0.0061068687	-0.0094608744	-0.0105432339	-0.011001725	-0.0112175835
18	-0.0096001047	-0.011618036	-0.0123702362	-0.0126632301	-0.0127985509
19	-0.0187324569	-0.0233562789	-0.0251012497	-0.0258398821	-0.0261991851
20	-0.0098719471	-0.0121004057	-0.0129541578	-0.0132933186	-0.0134517788
21	-0.0004302581	-0.0015198814	-0.001798279	-0.0018754159	-0.0019164809
22	-0.0061068687	-0.0094608744	-0.0105432339	-0.011001725	-0.0112175835
23	-0.0096001048	-0.011618036	-0.0123702362	-0.0126632301	-0.0127985509
24	-0.0098719471	-0.0121004057	-0.0129541578	-0.0132933186	-0.0134517788
25	-0.0187324569	-0.0233562789	-0.0251012497	-0.0258398821	-0.026199185
