 npair,zmin,zmax          25           2           6
 AA pairs
 pair                   2                   3                   4                   5                   6
 --------------------------------------------------
    1         0.0000000000         0.0000000000         0.0000000000         0.0000000000         0.0000000000
    2        -0.0002117286        -0.0004552212        -0.0005090584        -0.0005225969        -0.0005276888
    3        -0.0004657809        -0.0009841690        -0.0010746604        -0.0010944531        -0.0011011753
    4        -0.0005905717        -0.0012697284        -0.0013895398        -0.0014154646        -0.0014241349
    5        -0.0005905717        -0.0012697284        -0.0013895398        -0.0014154646        -0.0014241349
    6        -0.0002117286        -0.0004552212        -0.0005090584        -0.0005225969        -0.0005276888
    7         0.0000000000         0.0000000000         0.0000000000         0.0000000000         0.0000000000
    8        -0.0022493103        -0.0028011664        -0.0028973830        -0.0029223574        -0.0029299646
    9        -0.0021940325        -0.0029433224        -0.0030811974        -0.0031149551        -0.0031255425
   10        -0.0021940325        -0.0029433224        -0.0030811974        -0.0031149551        -0.0031255425
   11        -0.0004657809        -0.0009841690        -0.0010746604        -0.0010944531        -0.0011011753
   12        -0.0022493103        -0.0028011664        -0.0028973830        -0.0029223574        -0.0029299646
   13         0.0000000000         0.0000000000         0.0000000000         0.0000000000         0.0000000000
   14        -0.0079443648        -0.0091378946        -0.0093341843        -0.0093836107        -0.0093997013
   15        -0.0079443648        -0.0091378946        -0.0093341843        -0.0093836107        -0.0093997013
   16        -0.0005905717        -0.0012697284        -0.0013895398        -0.0014154646        -0.0014241349
   17        -0.0021940325        -0.0029433224        -0.0030811974        -0.0031149551        -0.0031255425
   18        -0.0079443648        -0.0091378946        -0.0093341843        -0.0093836107        -0.0093997013
   19         0.0000000000         0.0000000000         0.0000000000         0.0000000000         0.0000000000
   20        -0.0078133461        -0.0092529433        -0.0094854645        -0.0095440929        -0.0095641852
   21        -0.0005905717        -0.0012697284        -0.0013895398        -0.0014154646        -0.0014241349
   22        -0.0021940325        -0.0029433224        -0.0030811974        -0.0031149551        -0.0031255425
   23        -0.0079443648        -0.0091378946        -0.0093341843        -0.0093836107        -0.0093997013
   24        -0.0078133461        -0.0092529433        -0.0094854645        -0.0095440929        -0.0095641852
   25         0.0000000000         0.0000000000         0.0000000000         0.0000000000         0.0000000000
 AB pairs
 pair                   2                   3                   4                   5                   6
 --------------------------------------------------
    1        -0.0287726505        -0.0350754855        -0.0384088023        -0.0395857719        -0.0400252015
    2        -0.0012638340        -0.0017428694        -0.0019473111        -0.0020108715        -0.0020389152
    3        -0.0004081077        -0.0012469048        -0.0014635809        -0.0015242950        -0.0015563107
    4        -0.0004302581        -0.0015198814        -0.0017982790        -0.0018754159        -0.0019164809
    5        -0.0004302581        -0.0015198814        -0.0017982790        -0.0018754159        -0.0019164809
    6        -0.0012638340        -0.0017428694        -0.0019473111        -0.0020108715        -0.0020389152
    7        -0.0090648589        -0.0111978234        -0.0121378710        -0.0125445905        -0.0127416481
    8        -0.0067724603        -0.0096796348        -0.0106788673        -0.0110837553        -0.0112669404
    9        -0.0061068687        -0.0094608744        -0.0105432339        -0.0110017250        -0.0112175835
   10        -0.0061068687        -0.0094608744        -0.0105432339        -0.0110017250        -0.0112175835
   11        -0.0004081077        -0.0012469048        -0.0014635809        -0.0015242950        -0.0015563107
   12        -0.0067724603        -0.0096796348        -0.0106788673        -0.0110837553        -0.0112669404
   13        -0.0227245307        -0.0264845632        -0.0279690357        -0.0285663182        -0.0288413755
   14        -0.0096001047        -0.0116180360        -0.0123702362        -0.0126632301        -0.0127985509
   15        -0.0096001048        -0.0116180360        -0.0123702362        -0.0126632301        -0.0127985509
   16        -0.0004302581        -0.0015198814        -0.0017982790        -0.0018754159        -0.0019164809
   17        -0.0061068687        -0.0094608744        -0.0105432339        -0.0110017250        -0.0112175835
   18        -0.0096001047        -0.0116180360        -0.0123702362        -0.0126632301        -0.0127985509
   19        -0.0187324569        -0.0233562789        -0.0251012497        -0.0258398821        -0.0261991851
   20        -0.0098719471        -0.0121004057        -0.0129541578        -0.0132933186        -0.0134517788
   21        -0.0004302581        -0.0015198814        -0.0017982790        -0.0018754159        -0.0019164809
   22        -0.0061068687        -0.0094608744        -0.0105432339        -0.0110017250        -0.0112175835
   23        -0.0096001048        -0.0116180360        -0.0123702362        -0.0126632301        -0.0127985509
   24        -0.0098719471        -0.0121004057        -0.0129541578        -0.0132933186        -0.0134517788
   25        -0.0187324569        -0.0233562789        -0.0251012497        -0.0258398821        -0.0261991850


 enter initial guess for AA exponent
 enter 2 zeta to use
 pair               Einf                        factor                      exponent
 --------------------------------------------------------------------------------------------------
    1    0.0000000000 ( 0.000000)   -0.0000000000 ( 0.000000)    5.0000000000 ( 0.000000)
    2   -0.0005311100 ( 0.000000)    0.0266035627 ( 0.000000)    5.0000000000 ( 0.000000)
    3   -0.0011056919 ( 0.000000)    0.0351213631 ( 0.000000)    5.0000000000 ( 0.000000)
    4   -0.0014299605 ( 0.000000)    0.0452995678 ( 0.000000)    5.0000000000 ( 0.000000)
    5   -0.0014299605 ( 0.000000)    0.0452995678 ( 0.000000)    5.0000000000 ( 0.000000)
    6   -0.0005311100 ( 0.000000)    0.0266035627 ( 0.000000)    5.0000000000 ( 0.000000)
    7    0.0000000000 ( 0.000000)   -0.0000000000 ( 0.000000)    5.0000000000 ( 0.000000)
    8   -0.0029350759 ( 0.000000)    0.0397452075 ( 0.000000)    5.0000000000 ( 0.000000)
    9   -0.0031326562 ( 0.000000)    0.0553158074 ( 0.000000)    5.0000000000 ( 0.000000)
   10   -0.0031326562 ( 0.000000)    0.0553158074 ( 0.000000)    5.0000000000 ( 0.000000)
   11   -0.0011056919 ( 0.000000)    0.0351213631 ( 0.000000)    5.0000000000 ( 0.000000)
   12   -0.0029350759 ( 0.000000)    0.0397452075 ( 0.000000)    5.0000000000 ( 0.000000)
   13    0.0000000000 ( 0.000000)   -0.0000000000 ( 0.000000)    5.0000000000 ( 0.000000)
   14   -0.0094105126 ( 0.000000)    0.0840682821 ( 0.000000)    5.0000000000 ( 0.000000)
   15   -0.0094105126 ( 0.000000)    0.0840682821 ( 0.000000)    5.0000000000 ( 0.000000)
   16   -0.0014299605 ( 0.000000)    0.0452995678 ( 0.000000)    5.0000000000 ( 0.000000)
   17   -0.0031326562 ( 0.000000)    0.0553158074 ( 0.000000)    5.0000000000 ( 0.000000)
   18   -0.0094105126 ( 0.000000)    0.0840682821 ( 0.000000)    5.0000000000 ( 0.000000)
   19    0.0000000000 ( 0.000000)   -0.0000000000 ( 0.000000)    5.0000000000 ( 0.000000)
   20   -0.0095776852 ( 0.000000)    0.1049758955 ( 0.000000)    5.0000000000 ( 0.000000)
   21   -0.0014299605 ( 0.000000)    0.0452995678 ( 0.000000)    5.0000000000 ( 0.000000)
   22   -0.0031326562 ( 0.000000)    0.0553158074 ( 0.000000)    5.0000000000 ( 0.000000)
   23   -0.0094105126 ( 0.000000)    0.0840682821 ( 0.000000)    5.0000000000 ( 0.000000)
   24   -0.0095776852 ( 0.000000)    0.1049758955 ( 0.000000)    5.0000000000 ( 0.000000)
   25    0.0000000000 ( 0.000000)   -0.0000000000 ( 0.000000)    5.0000000000 ( 0.000000)
 --------------------------------------------------------------------------------------------------
                  Einf               factor               exponent
 avg           -0.0042095821         0.0575813343         5.0000000000
 rmsd           0.0035422828         0.0239656214         0.0000000000
 total         -0.0841916427
 enter initial guess for AB exponent
 enter 2 zeta to use
 pair               Einf                        factor                      exponent
 --------------------------------------------------------------------------------------------------
    1   -0.0406288136 ( 0.000000)    0.1303802110 ( 0.000000)    3.0000000000 ( 0.000000)
    2   -0.0020774368 ( 0.000000)    0.0083206582 ( 0.000000)    3.0000000000 ( 0.000000)
    3   -0.0016002883 ( 0.000000)    0.0094991637 ( 0.000000)    3.0000000000 ( 0.000000)
    4   -0.0019728889 ( 0.000000)    0.0121841209 ( 0.000000)    3.0000000000 ( 0.000000)
    5   -0.0019728889 ( 0.000000)    0.0121841209 ( 0.000000)    3.0000000000 ( 0.000000)
    6   -0.0020774368 ( 0.000000)    0.0083206582 ( 0.000000)    3.0000000000 ( 0.000000)
    7   -0.0130123316 ( 0.000000)    0.0584676396 ( 0.000000)    3.0000000000 ( 0.000000)
    8   -0.0115185683 ( 0.000000)    0.0543516231 ( 0.000000)    3.0000000000 ( 0.000000)
    9   -0.0115140924 ( 0.000000)    0.0640459286 ( 0.000000)    3.0000000000 ( 0.000000)
   10   -0.0115140924 ( 0.000000)    0.0640459286 ( 0.000000)    3.0000000000 ( 0.000000)
   11   -0.0016002883 ( 0.000000)    0.0094991637 ( 0.000000)    3.0000000000 ( 0.000000)
   12   -0.0115185683 ( 0.000000)    0.0543516231 ( 0.000000)    3.0000000000 ( 0.000000)
   13   -0.0292192015 ( 0.000000)    0.0816104077 ( 0.000000)    3.0000000000 ( 0.000000)
   14   -0.0129844311 ( 0.000000)    0.0401501275 ( 0.000000)    3.0000000000 ( 0.000000)
   15   -0.0129844311 ( 0.000000)    0.0401501275 ( 0.000000)    3.0000000000 ( 0.000000)
   16   -0.0019728889 ( 0.000000)    0.0121841209 ( 0.000000)    3.0000000000 ( 0.000000)
   17   -0.0115140924 ( 0.000000)    0.0640459286 ( 0.000000)    3.0000000000 ( 0.000000)
   18   -0.0129844311 ( 0.000000)    0.0401501275 ( 0.000000)    3.0000000000 ( 0.000000)
   19   -0.0266927332 ( 0.000000)    0.1066063846 ( 0.000000)    3.0000000000 ( 0.000000)
   20   -0.0136694439 ( 0.000000)    0.0470156637 ( 0.000000)    3.0000000000 ( 0.000000)
   21   -0.0019728889 ( 0.000000)    0.0121841209 ( 0.000000)    3.0000000000 ( 0.000000)
   22   -0.0115140924 ( 0.000000)    0.0640459286 ( 0.000000)    3.0000000000 ( 0.000000)
   23   -0.0129844311 ( 0.000000)    0.0401501275 ( 0.000000)    3.0000000000 ( 0.000000)
   24   -0.0136694439 ( 0.000000)    0.0470156637 ( 0.000000)    3.0000000000 ( 0.000000)
   25   -0.0266927329 ( 0.000000)    0.1066063549 ( 0.000000)    3.0000000000 ( 0.000000)
 --------------------------------------------------------------------------------------------------
                  Einf               factor               exponent
 avg           -0.0119945175         0.0475026369         3.0000000000
 rmsd           0.0097470808         0.0331617794         0.0000000000
 total         -0.2998629370
 Solving for AA block
 Enter zeta to use
 pair               Einf                        factor                      exponent
 --------------------------------------------------------------------------------------------------
    1    0.0000000000 ( 0.000000)   -0.0000000000 ( 0.000000)    5.0000000000 ( 0.000000)
    2   -0.0005328236 ( 0.000000)    0.0044773214 ( 0.000016)    3.7788255903 ( 0.002697)
    3   -0.0011068828 ( 0.000000)    0.0119751940 ( 0.000000)    4.2688851775 ( 0.000035)
    4   -0.0014313164 ( 0.000000)    0.0171996149 ( 0.000014)    4.3427327491 ( 0.000594)
    5   -0.0014313164 ( 0.000000)    0.0171996149 ( 0.000014)    4.3427327491 ( 0.000594)
    6   -0.0005328236 ( 0.000000)    0.0044773214 ( 0.000016)    3.7788255903 ( 0.002697)
    7    0.0000000000 ( 0.000000)   -0.0000000000 ( 0.000000)    5.0000000000 ( 0.000000)
    8   -0.0029354180 ( 0.000000)    0.0291194038 ( 0.000001)    4.7902185794 ( 0.000284)
    9   -0.0031334749 ( 0.000000)    0.0329748722 ( 0.000000)    4.6504802176 ( 0.000010)
   10   -0.0031334749 ( 0.000000)    0.0329748722 ( 0.000000)    4.6504802176 ( 0.000010)
   11   -0.0011068828 ( 0.000000)    0.0119751940 ( 0.000000)    4.2688851775 ( 0.000035)
   12   -0.0029354180 ( 0.000000)    0.0291194038 ( 0.000001)    4.7902185794 ( 0.000284)
   13    0.0000000000 ( 0.000000)   -0.0000000000 ( 0.000000)    5.0000000000 ( 0.000000)
   14   -0.0094124725 ( 0.000000)    0.0385525722 ( 0.000000)    4.4719080434 ( 0.000000)
   15   -0.0094124725 ( 0.000000)    0.0385525722 ( 0.000000)    4.4719080434 ( 0.000000)
   16   -0.0014313164 ( 0.000000)    0.0171996149 ( 0.000014)    4.3427327491 ( 0.000594)
   17   -0.0031334749 ( 0.000000)    0.0329748722 ( 0.000000)    4.6504802176 ( 0.000010)
   18   -0.0094124725 ( 0.000000)    0.0385525722 ( 0.000000)    4.4719080434 ( 0.000000)
   19    0.0000000000 ( 0.000000)   -0.0000000000 ( 0.000000)    5.0000000000 ( 0.000000)
   20   -0.0095814959 ( 0.000000)    0.0336124455 ( 0.000000)    4.2256364310 ( 0.000001)
   21   -0.0014313164 ( 0.000000)    0.0171996149 ( 0.000014)    4.3427327491 ( 0.000594)
   22   -0.0031334749 ( 0.000000)    0.0329748722 ( 0.000000)    4.6504802176 ( 0.000010)
   23   -0.0094124725 ( 0.000000)    0.0385525722 ( 0.000000)    4.4719080434 ( 0.000000)
   24   -0.0095814959 ( 0.000000)    0.0336124455 ( 0.000000)    4.2256364310 ( 0.000001)
   25    0.0000000000 ( 0.000000)   -0.0000000000 ( 0.000000)    5.0000000000 ( 0.000000)
 --------------------------------------------------------------------------------------------------
                  Einf               factor               exponent
 avg           -0.0042111148         0.0256638483         4.5195046239
 rmsd           0.0035428787         0.0113745166         0.3405391357
 total         -0.0842222960
 Solving for AB block
 Enter zeta to use
 pair               Einf                        factor                      exponent
 --------------------------------------------------------------------------------------------------
    1   -0.0404626628 ( 0.000000)    0.4063437134 ( 0.000002)    3.8141092853 ( 0.000002)
    2   -0.0020772908 ( 0.000000)    0.0084206263 ( 0.000001)    3.0087849171 ( 0.000008)
    3   -0.0016232302 ( 0.000000)    0.0031206096 ( 0.000000)    2.1444251007 ( 0.000004)
    4   -0.0020046051 ( 0.000000)    0.0037821873 ( 0.000000)    2.0981114023 ( 0.000039)
    5   -0.0020046051 ( 0.000000)    0.0037821873 ( 0.000000)    2.0981114023 ( 0.000039)
    6   -0.0020772908 ( 0.000000)    0.0084206263 ( 0.000001)    3.0087849171 ( 0.000008)
    7   -0.0130736695 ( 0.000000)    0.0323443221 ( 0.000001)    2.5555853509 ( 0.000054)
    8   -0.0115313295 ( 0.000000)    0.0466674510 ( 0.000000)    2.8873184681 ( 0.000018)
    9   -0.0115578260 ( 0.000000)    0.0425233725 ( 0.000000)    2.6946421535 ( 0.000002)
   10   -0.0115578260 ( 0.000000)    0.0425233725 ( 0.000000)    2.6946421535 ( 0.000002)
   11   -0.0016232302 ( 0.000000)    0.0031206096 ( 0.000000)    2.1444251007 ( 0.000004)
   12   -0.0115313295 ( 0.000000)    0.0466674510 ( 0.000000)    2.8873184681 ( 0.000018)
   13   -0.0292539889 ( 0.000000)    0.0624657002 ( 0.000000)    2.8016382754 ( 0.000000)
   14   -0.0130028547 ( 0.000000)    0.0301593474 ( 0.000000)    2.7875628308 ( 0.000000)
   15   -0.0130028547 ( 0.000000)    0.0301593474 ( 0.000000)    2.7875628308 ( 0.000000)
   16   -0.0020046051 ( 0.000000)    0.0037821873 ( 0.000000)    2.0981114023 ( 0.000039)
   17   -0.0115578260 ( 0.000000)    0.0425233725 ( 0.000000)    2.6946421535 ( 0.000002)
   18   -0.0130028547 ( 0.000000)    0.0301593474 ( 0.000000)    2.7875628308 ( 0.000000)
   19   -0.0268103565 ( 0.000000)    0.0575076810 ( 0.000000)    2.5362201168 ( 0.000000)
   20   -0.0136972594 ( 0.000000)    0.0327871862 ( 0.000000)    2.7317144138 ( 0.000001)
   21   -0.0020046051 ( 0.000000)    0.0037821873 ( 0.000000)    2.0981114023 ( 0.000039)
   22   -0.0115578260 ( 0.000000)    0.0425233725 ( 0.000000)    2.6946421535 ( 0.000002)
   23   -0.0130028547 ( 0.000000)    0.0301593474 ( 0.000000)    2.7875628308 ( 0.000000)
   24   -0.0136972594 ( 0.000000)    0.0327871862 ( 0.000000)    2.7317144138 ( 0.000001)
   25   -0.0268103558 ( 0.000000)    0.0575077658 ( 0.000000)    2.5362214666 ( 0.000000)
 --------------------------------------------------------------------------------------------------
                  Einf               factor               exponent
 avg           -0.0120212158         0.0441608223         2.6443810336
 rmsd           0.0097377008         0.0762938158         0.3799373909
 total         -0.3005303961
